6.36234 1.54522 1.01696 3.32194 1.78365 1.01986 1.26707 2.14993 1.08622 -0.673356 2.02938 1.24597 -1.64359 1.13976 1.38028 -1.49835 -0.210119 1.24219 -0.73004 -1.35007 0.654057 -0.0204709 -1.74911 -0.291221 0.219785 -1.37677 -1.227 0.0211079 -0.664952 -1.74143 -0.308794 -0.146492 -1.66218 -0.484885 -0.0826751 -1.16393 -0.435748 -0.353354 -0.613855 -0.280238 -0.638985 -0.29189 -0.169609 -0.698136 -0.219388 -0.155112 -0.513584 -0.220939 -0.17849 -0.23418 -0.134265 -0.159337 -0.0171111 0.0365104 -0.0811673 0.075856 0.156077 -0.00286188 0.0675886 0.125174 1.54522 7.3793 2.07789 1.78365 4.3418 2.30914 2.14993 2.35329 2.66193 2.02938 0.572611 2.5436 1.13976 -0.263312 1.70284 -0.210119 -0.256162 0.445658 -1.35007 -0.0759828 -0.641727 -1.74911 -0.311692 -1.17964 -1.37677 -1.00721 -1.25321 -0.664952 -1.72032 -1.24347 -0.146492 -1.97098 -1.42567 -0.0826751 -1.64882 -1.71697 -0.353354 -1.0496 -1.7883 -0.638985 -0.572128 -1.40868 -0.698136 -0.388997 -0.687938 -0.513584 -0.376051 0.00108088 -0.23418 -0.312756 0.333044 -0.0171111 -0.122826 0.278974 0.075856 0.0749096 0.0755764 0.0675886 0.122312 -0.0298869 1.01696 2.07789 7.3793 1.01986 2.30914 4.3418 1.08622 2.66193 2.35329 1.24597 2.5436 0.572611 1.38028 1.70284 -0.263312 1.24219 0.445658 -0.256162 0.654057 -0.641727 -0.0759828 -0.291221 -1.17964 -0.311692 -1.227 -1.25321 -1.00721 -1.74143 -1.24347 -1.72032 -1.66218 -1.42567 -1.97098 -1.16393 -1.71697 -1.64882 -0.613855 -1.7883 -1.0496 -0.29189 -1.40868 -0.572128 -0.219388 -0.687938 -0.388997 -0.220939 0.00108088 -0.376051 -0.134265 0.333044 -0.312756 0.0365104 0.278974 -0.122826 0.156077 0.0755764 0.0749096 0.125174 -0.0298869 0.122312 3.32194 1.78365 1.01986 6.14065 1.54284 1.00234 3.1566 1.74413 1.00525 1.22738 2.05029 1.05982 -0.59158 1.90105 1.1886 -1.50893 1.04848 1.2841 -1.39615 -0.212714 1.12868 -0.70997 -1.26547 0.571819 -0.0730201 -1.63154 -0.293714 0.146554 -1.2944 -1.1362 -0.0186769 -0.652684 -1.59368 -0.292702 -0.185272 -1.52369 -0.428773 -0.118315 -1.08761 -0.374049 -0.337853 -0.604816 -0.238617 -0.562463 -0.308508 -0.150312 -0.590225 -0.210147 -0.142458 -0.418473 -0.168534 -0.156377 -0.182235 -0.0716574 -0.12602 -0.0141213 0.0519193 -0.0516998 0.0390911 0.0904451 1.78365 4.3418 2.30914 1.54284 7.14298 2.05071 1.74413 4.16185 2.23147 2.05029 2.28721 2.52535 1.90105 0.597016 2.3905 1.04848 -0.224833 1.59691 -0.212714 -0.267471 0.422933 -1.26547 -0.138151 -0.599264 -1.63154 -0.366734 -1.12469 -1.2944 -0.989649 -1.22422 -0.652684 -1.61236 -1.22875 -0.185272 -1.81639 -1.37331 -0.118315 -1.51639 -1.58441 -0.337853 -0.978866 -1.58999 -0.562463 -0.547125 -1.21935 -0.590225 -0.360459 -0.594177 -0.418473 -0.310992 -0.0355497 -0.182235 -0.228035 0.210686 -0.0141213 -0.074101 0.162462 0.0390911 0.0387453 0.0343759 1.01986 2.30914 4.3418 1.00234 2.05071 7.14298 1.00525 2.23147 4.16185 1.05982 2.52535 2.28721 1.1886 2.3905 0.597016 1.2841 1.59691 -0.224833 1.12868 0.422933 -0.267471 0.571819 -0.599264 -0.138151 -0.293714 -1.12469 -0.366734 -1.1362 -1.22422 -0.989649 -1.59368 -1.22875 -1.61236 -1.52369 -1.37331 -1.81639 -1.08761 -1.58441 -1.51639 -0.604816 -1.58999 -0.978866 -0.308508 -1.21935 -0.547125 -0.210147 -0.594177 -0.360459 -0.168534 -0.0355497 -0.310992 -0.0716574 0.210686 -0.228035 0.0519193 0.162462 -0.074101 0.0904451 0.0343759 0.0387453 1.26707 2.14993 1.08622 3.1566 1.74413 1.00525 5.95387 1.47798 0.980639 3.02201 1.6363 0.962385 1.18387 1.90924 0.985145 -0.556149 1.76581 1.08247 -1.44297 0.966278 1.16352 -1.35045 -0.215976 1.02507 -0.707477 -1.20189 0.518651 -0.100579 -1.54307 -0.278027 0.122421 -1.22576 -1.05922 -0.011781 -0.624155 -1.4849 -0.250954 -0.183434 -1.41679 -0.371027 -0.109199 -1.00091 -0.325177 -0.291631 -0.534119 -0.210835 -0.472542 -0.237959 -0.13579 -0.475815 -0.13255 -0.121417 -0.312232 -0.0985485 -0.114049 -0.113616 -0.0399168 -0.0665737 0.00111905 0.0208872 2.14993 2.35329 2.66193 1.74413 4.16185 2.23147 1.47798 6.93451 1.94913 1.6363 3.9844 2.10046 1.90924 2.16902 2.37527 1.76581 0.526324 2.24681 0.966278 -0.279445 1.48579 -0.215976 -0.325378 0.355899 -1.20189 -0.188826 -0.627862 -1.54307 -0.378606 -1.12497 -1.22576 -0.936804 -1.19474 -0.624155 -1.49669 -1.15317 -0.183434 -1.66774 -1.23542 -0.109199 -1.37194 -1.39022 -0.291631 -0.859296 -1.37755 -0.472542 -0.448794 -1.04445 -0.475815 -0.26834 -0.499713 -0.312232 -0.219966 -0.0263121 -0.113616 -0.153966 0.167884 0.00111905 -0.0456864 0.112374 1.08622 2.66193 2.35329 1.00525 2.23147 4.16185 0.980639 1.94913 6.93451 0.962385 2.10046 3.9844 0.985145 2.37527 2.16902 1.08247 2.24681 0.526324 1.16352 1.48579 -0.279445 1.02507 0.355899 -0.325378 0.518651 -0.627862 -0.188826 -0.278027 -1.12497 -0.378606 -1.05922 -1.19474 -0.936804 -1.4849 -1.15317 -1.49669 -1.41679 -1.23542 -1.66774 -1.00091 -1.39022 -1.37194 -0.534119 -1.37755 -0.859296 -0.237959 -1.04445 -0.448794 -0.13255 -0.499713 -0.26834 -0.0985485 -0.0263121 -0.219966 -0.0399168 0.167884 -0.153966 0.0208872 0.112374 -0.0456864 -0.673356 2.02938 1.24597 1.22738 2.05029 1.05982 3.02201 1.6363 0.962385 5.76327 1.3717 0.910655 2.84108 1.52157 0.870764 1.07166 1.77728 0.886075 -0.577209 1.62992 0.986244 -1.39458 0.863058 1.07202 -1.27975 -0.248348 0.93964 -0.655886 -1.15204 0.45167 -0.0814581 -1.43834 -0.301303 0.123945 -1.1165 -1.01385 -0.00324995 -0.55087 -1.36575 -0.222032 -0.150876 -1.24824 -0.32712 -0.0866857 -0.82704 -0.28108 -0.238911 -0.395067 -0.174666 -0.371491 -0.149829 -0.101054 -0.344731 -0.0858207 -0.0742464 -0.19374 -0.0750034 -0.0494892 -0.0473238 -0.0329894 2.02938 0.572611 2.5436 2.05029 2.28721 2.52535 1.6363 3.9844 2.10046 1.3717 6.67393 1.83406 1.52157 3.71185 1.97887 1.77728 1.95773 2.22001 1.62992 0.409035 2.05882 0.863058 -0.322563 1.30361 -0.248348 -0.340113 0.233639 -1.15204 -0.204216 -0.655963 -1.43834 -0.382761 -1.0644 -1.1165 -0.889904 -1.07972 -0.55087 -1.369 -1.01598 -0.150876 -1.47027 -1.08339 -0.0866857 -1.15416 -1.21048 -0.238911 -0.676147 -1.1644 -0.371491 -0.324494 -0.823687 -0.344731 -0.186875 -0.325693 -0.19374 -0.14925 0.0493511 -0.0473238 -0.0824786 0.131907 1.24597 2.5436 0.572611 1.05982 2.52535 2.28721 0.962385 2.10046 3.9844 0.910655 1.83406 6.67393 0.870764 1.97887 3.71185 0.886075 2.22001 1.95773 0.986244 2.05882 0.409035 1.07202 1.30361 -0.322563 0.93964 0.233639 -0.340113 0.45167 -0.655963 -0.204216 -0.301303 -1.0644 -0.382761 -1.01385 -1.07972 -0.889904 -1.36575 -1.01598 -1.369 -1.24824 -1.08339 -1.47027 -0.82704 -1.21048 -1.15416 -0.395067 -1.1644 -0.676147 -0.149829 -0.823687 -0.324494 -0.0858207 -0.325693 -0.186875 -0.0750034 0.0493511 -0.14925 -0.0329894 0.131907 -0.0824786 -1.64359 1.13976 1.38028 -0.59158 1.90105 1.1886 1.18387 1.90924 0.985145 2.84108 1.52157 0.870764 5.50397 1.27451 0.81628 2.60367 1.40617 0.789036 0.94187 1.62429 0.816076 -0.573278 1.46491 0.908196 -1.2971 0.746099 0.966703 -1.16238 -0.264458 0.815246 -0.578639 -1.06158 0.353086 -0.0607015 -1.28886 -0.314199 0.112641 -0.976524 -0.906815 -0.00855817 -0.464188 -1.15942 -0.197886 -0.111819 -1.01133 -0.274826 -0.053042 -0.635589 -0.216769 -0.169517 -0.286882 -0.112366 -0.25819 -0.108139 -0.0440852 -0.215974 -0.0639048 -0.0199485 -0.0916074 -0.0413135 1.13976 -0.263312 1.70284 1.90105 0.597016 2.3905 1.90924 2.16902 2.37527 1.52157 3.71185 1.97887 1.27451 6.32025 1.7138 1.40617 3.3927 1.81298 1.62429 1.75795 1.99369 1.46491 0.334917 1.8156 0.746099 -0.330398 1.12193 -0.264458 -0.347132 0.172233 -1.06158 -0.225552 -0.598529 -1.28886 -0.3749 -0.942203 -0.976524 -0.794174 -0.950558 -0.464188 -1.16798 -0.893224 -0.111819 -1.20922 -0.930659 -0.053042 -0.910415 -0.984875 -0.169517 -0.503651 -0.871691 -0.25819 -0.220505 -0.536499 -0.215974 -0.10799 -0.144849 -0.0916074 -0.061262 0.062727 1.38028 1.70284 -0.263312 1.1886 2.3905 0.597016 0.985145 2.37527 2.16902 0.870764 1.97887 3.71185 0.81628 1.7138 6.32025 0.789036 1.81298 3.3927 0.816076 1.99369 1.75795 0.908196 1.8156 0.334917 0.966703 1.12193 -0.330398 0.815246 0.172233 -0.347132 0.353086 -0.598529 -0.225552 -0.314199 -0.942203 -0.3749 -0.906815 -0.950558 -0.794174 -1.15942 -0.893224 -1.16798 -1.01133 -0.930659 -1.20922 -0.635589 -0.984875 -0.910415 -0.286882 -0.871691 -0.503651 -0.108139 -0.536499 -0.220505 -0.0639048 -0.144849 -0.10799 -0.0413135 0.062727 -0.061262 -1.49835 -0.210119 1.24219 -1.50893 1.04848 1.2841 -0.556149 1.76581 1.08247 1.07166 1.77728 0.886075 2.60367 1.40617 0.789036 5.2271 1.15629 0.750976 2.39124 1.26166 0.725488 0.861178 1.45756 0.732263 -0.522667 1.31616 0.791183 -1.17396 0.669758 0.829784 -1.04337 -0.235813 0.701233 -0.514218 -0.940401 0.316161 -0.0537842 -1.12598 -0.239927 0.0965626 -0.830049 -0.731426 -0.00547934 -0.366375 -0.935512 -0.153525 -0.0560879 -0.805289 -0.196402 -0.00714776 -0.49058 -0.130224 -0.102449 -0.203511 -0.0429398 -0.161248 -0.0563048 -0.00218742 -0.106185 -0.0159268 -0.210119 -0.256162 0.445658 1.04848 -0.224833 1.59691 1.76581 0.526324 2.24681 1.77728 1.95773 2.22001 1.40617 3.3927 1.81298 1.15629 5.97807 1.52248 1.26166 3.11673 1.59186 1.45756 1.59344 1.76787 1.31616 0.268516 1.63324 0.669758 -0.344178 1.02578 -0.235813 -0.342135 0.172448 -0.940401 -0.198058 -0.526957 -1.12598 -0.293712 -0.834449 -0.830049 -0.634863 -0.820695 -0.366375 -0.940991 -0.724602 -0.0560879 -0.958815 -0.69837 -0.00714776 -0.686981 -0.692841 -0.102449 -0.333735 -0.572161 -0.161248 -0.0992446 -0.311597 -0.106185 -0.0181142 -0.0599344 1.24219 0.445658 -0.256162 1.2841 1.59691 -0.224833 1.08247 2.24681 0.526324 0.886075 2.22001 1.95773 0.789036 1.81298 3.3927 0.750976 1.52248 5.97807 0.725488 1.59186 3.11673 0.732263 1.76787 1.59344 0.791183 1.63324 0.268516 0.829784 1.02578 -0.344178 0.701233 0.172448 -0.342135 0.316161 -0.526957 -0.198058 -0.239927 -0.834449 -0.293712 -0.731426 -0.820695 -0.634863 -0.935512 -0.724602 -0.940991 -0.805289 -0.69837 -0.958815 -0.49058 -0.692841 -0.686981 -0.203511 -0.572161 -0.333735 -0.0563048 -0.311597 -0.0992446 -0.0159268 -0.0599344 -0.0181142 -0.73004 -1.35007 0.654057 -1.39615 -0.212714 1.12868 -1.44297 0.966278 1.16352 -0.577209 1.62992 0.986244 0.94187 1.62429 0.816076 2.39124 1.26166 0.725488 4.99932 1.02434 0.671859 2.22549 1.13342 0.622977 0.806142 1.33145 0.616847 -0.470421 1.21217 0.684552 -1.06365 0.624136 0.754523 -0.938197 -0.19377 0.674387 -0.454573 -0.812721 0.34759 -0.0384799 -0.951969 -0.148075 0.100699 -0.6669 -0.586904 0.0237296 -0.256312 -0.758045 -0.0869318 -0.00268323 -0.624062 -0.11085 0.0223871 -0.335425 -0.0587513 -0.0543495 -0.0940774 -0.00786286 -0.0748311 0.00315312 -1.35007 -0.0759828 -0.641727 -0.212714 -0.267471 0.422933 0.966278 -0.279445 1.48579 1.62992 0.409035 2.05882 1.62429 1.75795 1.99369 1.26166 3.11673 1.59186 1.02434 5.67118 1.33166 1.13342 2.84847 1.43159 1.33145 1.42299 1.62758 1.21217 0.214131 1.51249 0.624136 -0.309128 0.943769 -0.19377 -0.26381 0.158221 -0.812721 -0.106983 -0.454681 -0.951969 -0.186554 -0.680828 -0.6669 -0.486205 -0.611278 -0.256312 -0.734316 -0.489555 -0.00268323 -0.710994 -0.459257 0.0223871 -0.446275 -0.463095 -0.0543495 -0.152829 -0.36856 -0.0748311 -0.00470975 -0.162798 0.654057 -0.641727 -0.0759828 1.12868 0.422933 -0.267471 1.16352 1.48579 -0.279445 0.986244 2.05882 0.409035 0.816076 1.99369 1.75795 0.725488 1.59186 3.11673 0.671859 1.33166 5.67118 0.622977 1.43159 2.84847 0.616847 1.62758 1.42299 0.684552 1.51249 0.214131 0.754523 0.943769 -0.309128 0.674387 0.158221 -0.26381 0.34759 -0.454681 -0.106983 -0.148075 -0.680828 -0.186554 -0.586904 -0.611278 -0.486205 -0.758045 -0.489555 -0.734316 -0.624062 -0.459257 -0.710994 -0.335425 -0.463095 -0.446275 -0.0940774 -0.36856 -0.152829 0.00315312 -0.162798 -0.00470975 -0.0204709 -1.74911 -0.291221 -0.70997 -1.26547 0.571819 -1.35045 -0.215976 1.02507 -1.39458 0.863058 1.07202 -0.573278 1.46491 0.908196 0.861178 1.45756 0.732263 2.22549 1.13342 0.622977 4.7972 0.932998 0.561139 2.06138 1.04993 0.530847 0.73828 1.23606 0.56309 -0.432013 1.12158 0.665087 -0.958113 0.585013 0.747616 -0.824639 -0.140597 0.665122 -0.374713 -0.668367 0.348152 0.00295451 -0.765708 -0.102663 0.127067 -0.506077 -0.467196 0.0600656 -0.162608 -0.570434 -0.0354095 0.0317527 -0.416773 -0.0596487 0.0413969 -0.172646 -0.0269886 -0.00985395 -0.0166952 -1.74911 -0.311692 -1.17964 -1.26547 -0.138151 -0.599264 -0.215976 -0.325378 0.355899 0.863058 -0.322563 1.30361 1.46491 0.334917 1.8156 1.45756 1.59344 1.76787 1.13342 2.84847 1.43159 0.932998 5.35834 1.22638 1.04993 2.59223 1.33294 1.23606 1.30137 1.50143 1.12158 0.233074 1.37731 0.585013 -0.210497 0.862462 -0.140597 -0.159516 0.189861 -0.668367 -0.0265607 -0.302849 -0.765708 -0.099708 -0.460781 -0.506077 -0.340128 -0.395036 -0.162608 -0.510368 -0.316796 0.0317527 -0.452182 -0.316073 0.0413969 -0.232295 -0.309452 -0.00985395 -0.0436838 -0.18994 -0.291221 -1.17964 -0.311692 0.571819 -0.599264 -0.138151 1.02507 0.355899 -0.325378 1.07202 1.30361 -0.322563 0.908196 1.8156 0.334917 0.732263 1.76787 1.59344 0.622977 1.43159 2.84847 0.561139 1.22638 5.35834 0.530847 1.33294 2.59223 0.56309 1.50143 1.30137 0.665087 1.37731 0.233074 0.747616 0.862462 -0.210497 0.665122 0.189861 -0.159516 0.348152 -0.302849 -0.0265607 -0.102663 -0.460781 -0.099708 -0.467196 -0.395036 -0.340128 -0.570434 -0.316796 -0.510368 -0.416773 -0.316073 -0.452182 -0.172646 -0.309452 -0.232295 -0.0166952 -0.18994 -0.0436838 0.219785 -1.37677 -1.227 -0.0730201 -1.63154 -0.293714 -0.707477 -1.20189 0.518651 -1.27975 -0.248348 0.93964 -1.2971 0.746099 0.966703 -0.522667 1.31616 0.791183 0.806142 1.33145 0.616847 2.06138 1.04993 0.530847 4.58225 0.872381 0.512077 1.88343 0.979834 0.525884 0.665643 1.14717 0.577688 -0.385219 1.04211 0.663204 -0.832362 0.562565 0.709843 -0.684951 -0.0751739 0.609417 -0.272621 -0.526339 0.323901 0.051516 -0.595806 -0.0471057 0.138365 -0.364223 -0.321425 0.0620521 -0.0794289 -0.375199 -0.0235976 0.0625848 -0.241535 -0.035661 0.048821 -0.072479 -1.37677 -1.00721 -1.25321 -1.63154 -0.366734 -1.12469 -1.20189 -0.188826 -0.627862 -0.248348 -0.340113 0.233639 0.746099 -0.330398 1.12193 1.31616 0.268516 1.63324 1.33145 1.42299 1.62758 1.04993 2.59223 1.33294 0.872381 5.09433 1.13523 0.979834 2.40931 1.21986 1.14717 1.24333 1.37598 1.04211 0.277985 1.28799 0.562565 -0.122519 0.860711 -0.0751739 -0.0755337 0.287928 -0.526339 0.0512805 -0.144193 -0.595806 0.00441022 -0.303021 -0.364223 -0.18306 -0.274723 -0.0794289 -0.313147 -0.220139 0.0625848 -0.265132 -0.197869 0.048821 -0.10814 -0.141809 -1.227 -1.25321 -1.00721 -0.293714 -1.12469 -0.366734 0.518651 -0.627862 -0.188826 0.93964 0.233639 -0.340113 0.966703 1.12193 -0.330398 0.791183 1.63324 0.268516 0.616847 1.62758 1.42299 0.530847 1.33294 2.59223 0.512077 1.13523 5.09433 0.525884 1.21986 2.40931 0.577688 1.37598 1.24333 0.663204 1.28799 0.277985 0.709843 0.860711 -0.122519 0.609417 0.287928 -0.0755337 0.323901 -0.144193 0.0512805 -0.0471057 -0.303021 0.00441022 -0.321425 -0.274723 -0.18306 -0.375199 -0.220139 -0.313147 -0.241535 -0.197869 -0.265132 -0.072479 -0.141809 -0.10814 0.0211079 -0.664952 -1.74143 0.146554 -1.2944 -1.1362 -0.100579 -1.54307 -0.278027 -0.655886 -1.15204 0.45167 -1.16238 -0.264458 0.815246 -1.17396 0.669758 0.829784 -0.470421 1.21217 0.684552 0.73828 1.23606 0.56309 1.88343 0.979834 0.525884 4.36253 0.818262 0.53137 1.71386 0.920872 0.538502 0.61322 1.07495 0.561418 -0.312295 0.9749 0.61488 -0.684378 0.53779 0.647256 -0.538135 -0.0261097 0.563856 -0.185599 -0.40328 0.325712 0.065728 -0.436429 0.0160747 0.109952 -0.225973 -0.207706 0.0368245 -0.00783576 -0.242575 -0.0165598 0.0587754 -0.126984 -0.664952 -1.72032 -1.24347 -1.2944 -0.989649 -1.22422 -1.54307 -0.378606 -1.12497 -1.15204 -0.204216 -0.655963 -0.264458 -0.347132 0.172233 0.669758 -0.344178 1.02578 1.21217 0.214131 1.51249 1.23606 1.30137 1.50143 0.979834 2.40931 1.21986 0.818262 4.89389 1.04479 0.920872 2.25236 1.15263 1.07495 1.17464 1.33009 0.9749 0.302585 1.26509 0.53779 -0.0371218 0.865785 -0.0261097 0.0257208 0.323707 -0.40328 0.140113 -0.081467 -0.436429 0.0818027 -0.221364 -0.225973 -0.0977539 -0.179391 -0.00783576 -0.20575 -0.109482 0.0587754 -0.143543 -0.0683457 -1.74143 -1.24347 -1.72032 -1.1362 -1.22422 -0.989649 -0.278027 -1.12497 -0.378606 0.45167 -0.655963 -0.204216 0.815246 0.172233 -0.347132 0.829784 1.02578 -0.344178 0.684552 1.51249 0.214131 0.56309 1.50143 1.30137 0.525884 1.21986 2.40931 0.53137 1.04479 4.89389 0.538502 1.15263 2.25236 0.561418 1.33009 1.17464 0.61488 1.26509 0.302585 0.647256 0.865785 -0.0371218 0.563856 0.323707 0.0257208 0.325712 -0.081467 0.140113 0.0160747 -0.221364 0.0818027 -0.207706 -0.179391 -0.0977539 -0.242575 -0.109482 -0.20575 -0.126984 -0.0683457 -0.143543 -0.308794 -0.146492 -1.66218 -0.0186769 -0.652684 -1.59368 0.122421 -1.22576 -1.05922 -0.0814581 -1.43834 -0.301303 -0.578639 -1.06158 0.353086 -1.04337 -0.235813 0.701233 -1.06365 0.624136 0.754523 -0.432013 1.12158 0.665087 0.665643 1.14717 0.577688 1.71386 0.920872 0.538502 4.16302 0.780817 0.519795 1.57043 0.87416 0.504679 0.58303 1.0004 0.520335 -0.232244 0.891328 0.576701 -0.551465 0.494047 0.610732 -0.42567 0.0124294 0.525919 -0.138288 -0.283824 0.295471 0.0527259 -0.288638 0.0166441 0.0767651 -0.122364 -0.154674 0.0232702 0.00751229 -0.137639 -0.146492 -1.97098 -1.42567 -0.652684 -1.61236 -1.22875 -1.22576 -0.936804 -1.19474 -1.43834 -0.382761 -1.0644 -1.06158 -0.225552 -0.598529 -0.235813 -0.342135 0.172448 0.624136 -0.309128 0.943769 1.12158 0.233074 1.37731 1.14717 1.24333 1.37598 0.920872 2.25236 1.15263 0.780817 4.68281 1.0339 0.87416 2.07511 1.15184 1.0004 1.10337 1.29103 0.891328 0.344457 1.17991 0.494047 0.0592662 0.774929 0.0124294 0.100249 0.283383 -0.283824 0.157183 -0.0437209 -0.288638 0.06937 -0.125707 -0.122364 -0.0779087 -0.0727383 0.00751229 -0.114369 -0.0246599 -1.66218 -1.42567 -1.97098 -1.59368 -1.22875 -1.61236 -1.05922 -1.19474 -0.936804 -0.301303 -1.0644 -0.382761 0.353086 -0.598529 -0.225552 0.701233 0.172448 -0.342135 0.754523 0.943769 -0.309128 0.665087 1.37731 0.233074 0.577688 1.37598 1.24333 0.538502 1.15263 2.25236 0.519795 1.0339 4.68281 0.504679 1.15184 2.07511 0.520335 1.29103 1.10337 0.576701 1.17991 0.344457 0.610732 0.774929 0.0592662 0.525919 0.283383 0.100249 0.295471 -0.0437209 0.157183 0.0166441 -0.125707 0.06937 -0.154674 -0.0727383 -0.0779087 -0.137639 -0.0246599 -0.114369 -0.484885 -0.0826751 -1.16393 -0.292702 -0.185272 -1.52369 -0.011781 -0.624155 -1.4849 0.123945 -1.1165 -1.01385 -0.0607015 -1.28886 -0.314199 -0.514218 -0.940401 0.316161 -0.938197 -0.19377 0.674387 -0.958113 0.585013 0.747616 -0.385219 1.04211 0.663204 0.61322 1.07495 0.561418 1.57043 0.87416 0.504679 3.98574 0.741047 0.483408 1.43412 0.81109 0.481001 0.537769 0.906891 0.505314 -0.186542 0.797231 0.546145 -0.458263 0.446699 0.542156 -0.340418 0.0393828 0.425371 -0.0957514 -0.19901 0.204544 0.0513971 -0.197092 -0.0104748 0.0531001 -0.0737217 -0.089209 -0.0826751 -1.64882 -1.71697 -0.185272 -1.81639 -1.37331 -0.624155 -1.49669 -1.15317 -1.1165 -0.889904 -1.07972 -1.28886 -0.3749 -0.942203 -0.940401 -0.198058 -0.526957 -0.19377 -0.26381 0.158221 0.585013 -0.210497 0.862462 1.04211 0.277985 1.28799 1.07495 1.17464 1.33009 0.87416 2.07511 1.15184 0.741047 4.46915 1.02984 0.81109 1.91512 1.08876 0.906891 1.04308 1.15603 0.797231 0.359604 1.01863 0.446699 0.0838928 0.659092 0.0393828 0.084953 0.257059 -0.19901 0.108793 0.00534525 -0.197092 0.0409223 -0.0558851 -0.0737217 -0.0361089 -0.027264 -1.16393 -1.71697 -1.64882 -1.52369 -1.37331 -1.81639 -1.4849 -1.15317 -1.49669 -1.01385 -1.07972 -0.889904 -0.314199 -0.942203 -0.3749 0.316161 -0.526957 -0.198058 0.674387 0.158221 -0.26381 0.747616 0.862462 -0.210497 0.663204 1.28799 0.277985 0.561418 1.33009 1.17464 0.504679 1.15184 2.07511 0.483408 1.02984 4.46915 0.481001 1.08876 1.91512 0.505314 1.15603 1.04308 0.546145 1.01863 0.359604 0.542156 0.659092 0.0838928 0.425371 0.257059 0.084953 0.204544 0.00534525 0.108793 -0.0104748 -0.0558851 0.0409223 -0.089209 -0.027264 -0.0361089 -0.435748 -0.353354 -0.613855 -0.428773 -0.118315 -1.08761 -0.250954 -0.183434 -1.41679 -0.00324995 -0.55087 -1.36575 0.112641 -0.976524 -0.906815 -0.0537842 -1.12598 -0.239927 -0.454573 -0.812721 0.34759 -0.824639 -0.140597 0.665122 -0.832362 0.562565 0.709843 -0.312295 0.9749 0.61488 0.58303 1.0004 0.520335 1.43412 0.81109 0.481001 3.79339 0.682307 0.473082 1.26346 0.737494 0.464947 0.452797 0.809775 0.458242 -0.168054 0.691548 0.452979 -0.369835 0.364711 0.412893 -0.243493 0.0100911 0.297135 -0.0436926 -0.169162 0.126049 0.0403524 -0.128406 -0.00489032 -0.353354 -1.0496 -1.7883 -0.118315 -1.51639 -1.58441 -0.183434 -1.66774 -1.23542 -0.55087 -1.369 -1.01598 -0.976524 -0.794174 -0.950558 -1.12598 -0.293712 -0.834449 -0.812721 -0.106983 -0.454681 -0.140597 -0.159516 0.189861 0.562565 -0.122519 0.860711 0.9749 0.302585 1.26509 1.0004 1.10337 1.29103 0.81109 1.91512 1.08876 0.682307 4.26647 0.929845 0.737494 1.72841 0.949572 0.809775 0.911039 0.996054 0.691548 0.284925 0.871349 0.364711 0.0430581 0.554576 0.0100911 0.0536415 0.2049 -0.169162 0.0823565 -0.0067666 -0.128406 0.035462 -0.0462251 -0.613855 -1.7883 -1.0496 -1.08761 -1.58441 -1.51639 -1.41679 -1.23542 -1.66774 -1.36575 -1.01598 -1.369 -0.906815 -0.950558 -0.794174 -0.239927 -0.834449 -0.293712 0.34759 -0.454681 -0.106983 0.665122 0.189861 -0.159516 0.709843 0.860711 -0.122519 0.61488 1.26509 0.302585 0.520335 1.29103 1.10337 0.481001 1.08876 1.91512 0.473082 0.929845 4.26647 0.464947 0.949572 1.72841 0.458242 0.996054 0.911039 0.452979 0.871349 0.284925 0.412893 0.554576 0.0430581 0.297135 0.2049 0.0536415 0.126049 -0.0067666 0.0823565 -0.00489032 -0.0462251 0.035462 -0.280238 -0.638985 -0.29189 -0.374049 -0.337853 -0.604816 -0.371027 -0.109199 -1.00091 -0.222032 -0.150876 -1.24824 -0.00855817 -0.464188 -1.15942 0.0965626 -0.830049 -0.731426 -0.0384799 -0.951969 -0.148075 -0.374713 -0.668367 0.348152 -0.684951 -0.0751739 0.609417 -0.684378 0.53779 0.647256 -0.232244 0.891328 0.576701 0.537769 0.906891 0.505314 1.26346 0.737494 0.464947 3.56133 0.619964 0.430705 1.06559 0.652312 0.386281 0.363051 0.678017 0.350483 -0.137893 0.529619 0.332124 -0.271885 0.227756 0.296063 -0.156284 -0.042061 0.201602 -0.0210689 -0.114235 0.0712985 -0.638985 -0.572128 -1.40868 -0.337853 -0.978866 -1.58999 -0.109199 -1.37194 -1.39022 -0.150876 -1.47027 -1.08339 -0.464188 -1.16798 -0.893224 -0.830049 -0.634863 -0.820695 -0.951969 -0.186554 -0.680828 -0.668367 -0.0265607 -0.302849 -0.0751739 -0.0755337 0.287928 0.53779 -0.0371218 0.865785 0.891328 0.344457 1.17991 0.906891 1.04308 1.15603 0.737494 1.72841 0.949572 0.619964 3.99204 0.804872 0.652312 1.45187 0.824387 0.678017 0.713534 0.847398 0.529619 0.194231 0.698231 0.227756 0.024178 0.388881 -0.042061 0.0453175 0.0925794 -0.114235 0.0502296 -0.0370889 -0.29189 -1.40868 -0.572128 -0.604816 -1.58999 -0.978866 -1.00091 -1.39022 -1.37194 -1.24824 -1.08339 -1.47027 -1.15942 -0.893224 -1.16798 -0.731426 -0.820695 -0.634863 -0.148075 -0.680828 -0.186554 0.348152 -0.302849 -0.0265607 0.609417 0.287928 -0.0755337 0.647256 0.865785 -0.0371218 0.576701 1.17991 0.344457 0.505314 1.15603 1.04308 0.464947 0.949572 1.72841 0.430705 0.804872 3.99204 0.386281 0.824387 1.45187 0.350483 0.847398 0.713534 0.332124 0.698231 0.194231 0.296063 0.388881 0.024178 0.201602 0.0925794 0.0453175 0.0712985 -0.0370889 0.0502296 -0.169609 -0.698136 -0.219388 -0.238617 -0.562463 -0.308508 -0.325177 -0.291631 -0.534119 -0.32712 -0.0866857 -0.82704 -0.197886 -0.111819 -1.01133 -0.00547934 -0.366375 -0.935512 0.100699 -0.6669 -0.586904 0.00295451 -0.765708 -0.102663 -0.272621 -0.526339 0.323901 -0.538135 -0.0261097 0.563856 -0.551465 0.494047 0.610732 -0.186542 0.797231 0.546145 0.452797 0.809775 0.458242 1.06559 0.652312 0.386281 3.3245 0.522979 0.327641 0.879395 0.510885 0.279928 0.282827 0.491293 0.255156 -0.117448 0.344831 0.243972 -0.20337 0.11588 0.202977 -0.0983826 -0.034493 0.105374 -0.698136 -0.388997 -0.687938 -0.562463 -0.547125 -1.21935 -0.291631 -0.859296 -1.37755 -0.0866857 -1.15416 -1.21048 -0.111819 -1.20922 -0.930659 -0.366375 -0.940991 -0.724602 -0.6669 -0.486205 -0.611278 -0.765708 -0.099708 -0.460781 -0.526339 0.0512805 -0.144193 -0.0261097 0.0257208 0.323707 0.494047 0.0592662 0.774929 0.797231 0.359604 1.01863 0.809775 0.911039 0.996054 0.652312 1.45187 0.824387 0.522979 3.65214 0.691219 0.510885 1.15932 0.673367 0.491293 0.537984 0.637563 0.344831 0.126525 0.464951 0.11588 -0.000393012 0.204977 -0.034493 0.00699172 0.0168237 -0.219388 -0.687938 -0.388997 -0.308508 -1.21935 -0.547125 -0.534119 -1.37755 -0.859296 -0.82704 -1.21048 -1.15416 -1.01133 -0.930659 -1.20922 -0.935512 -0.724602 -0.940991 -0.586904 -0.611278 -0.486205 -0.102663 -0.460781 -0.099708 0.323901 -0.144193 0.0512805 0.563856 0.323707 0.0257208 0.610732 0.774929 0.0592662 0.546145 1.01863 0.359604 0.458242 0.996054 0.911039 0.386281 0.824387 1.45187 0.327641 0.691219 3.65214 0.279928 0.673367 1.15932 0.255156 0.637563 0.537984 0.243972 0.464951 0.126525 0.202977 0.204977 -0.000393012 0.105374 0.0168237 0.00699172 -0.155112 -0.513584 -0.220939 -0.150312 -0.590225 -0.210147 -0.210835 -0.472542 -0.237959 -0.28108 -0.238911 -0.395067 -0.274826 -0.053042 -0.635589 -0.153525 -0.0560879 -0.805289 0.0237296 -0.256312 -0.758045 0.127067 -0.506077 -0.467196 0.051516 -0.595806 -0.0471057 -0.185599 -0.40328 0.325712 -0.42567 0.0124294 0.525919 -0.458263 0.446699 0.542156 -0.168054 0.691548 0.452979 0.363051 0.678017 0.350483 0.879395 0.510885 0.279928 3.09719 0.371028 0.23701 0.683482 0.346598 0.206277 0.173168 0.329648 0.183574 -0.12631 0.219763 0.155127 -0.136409 0.0633123 0.0933426 -0.513584 -0.376051 0.00108088 -0.590225 -0.360459 -0.594177 -0.472542 -0.448794 -1.04445 -0.238911 -0.676147 -1.1644 -0.053042 -0.910415 -0.984875 -0.0560879 -0.958815 -0.69837 -0.256312 -0.734316 -0.489555 -0.506077 -0.340128 -0.395036 -0.595806 0.00441022 -0.303021 -0.40328 0.140113 -0.081467 0.0124294 0.100249 0.283383 0.446699 0.0838928 0.659092 0.691548 0.284925 0.871349 0.678017 0.713534 0.847398 0.510885 1.15932 0.673367 0.371028 3.3342 0.516388 0.346598 0.889759 0.462184 0.329648 0.356742 0.409518 0.219763 0.0288166 0.268236 0.0633123 -0.0430667 0.0884829 -0.220939 0.00108088 -0.376051 -0.210147 -0.594177 -0.360459 -0.237959 -1.04445 -0.448794 -0.395067 -1.1644 -0.676147 -0.635589 -0.984875 -0.910415 -0.805289 -0.69837 -0.958815 -0.758045 -0.489555 -0.734316 -0.467196 -0.395036 -0.340128 -0.0471057 -0.303021 0.00441022 0.325712 -0.081467 0.140113 0.525919 0.283383 0.100249 0.542156 0.659092 0.0838928 0.452979 0.871349 0.284925 0.350483 0.847398 0.713534 0.279928 0.673367 1.15932 0.23701 0.516388 3.3342 0.206277 0.462184 0.889759 0.183574 0.409518 0.356742 0.155127 0.268236 0.0288166 0.0933426 0.0884829 -0.0430667 -0.17849 -0.23418 -0.134265 -0.142458 -0.418473 -0.168534 -0.13579 -0.475815 -0.13255 -0.174666 -0.371491 -0.149829 -0.216769 -0.169517 -0.286882 -0.196402 -0.00714776 -0.49058 -0.0869318 -0.00268323 -0.624062 0.0600656 -0.162608 -0.570434 0.138365 -0.364223 -0.321425 0.065728 -0.436429 0.0160747 -0.138288 -0.283824 0.295471 -0.340418 0.0393828 0.425371 -0.369835 0.364711 0.412893 -0.137893 0.529619 0.332124 0.282827 0.491293 0.255156 0.683482 0.346598 0.206277 2.84045 0.244156 0.170123 0.45826 0.242031 0.131933 0.0619547 0.227311 0.0954437 -0.0946915 0.121619 0.0571341 -0.23418 -0.312756 0.333044 -0.418473 -0.310992 -0.0355497 -0.475815 -0.26834 -0.499713 -0.371491 -0.324494 -0.823687 -0.169517 -0.503651 -0.871691 -0.00714776 -0.686981 -0.692841 -0.00268323 -0.710994 -0.459257 -0.162608 -0.510368 -0.316796 -0.364223 -0.18306 -0.274723 -0.436429 0.0818027 -0.221364 -0.283824 0.157183 -0.0437209 0.0393828 0.084953 0.257059 0.364711 0.0430581 0.554576 0.529619 0.194231 0.698231 0.491293 0.537984 0.637563 0.346598 0.889759 0.462184 0.244156 3.01057 0.323346 0.242031 0.590193 0.287567 0.227311 0.157398 0.248885 0.121619 -0.0375575 0.130454 -0.134265 0.333044 -0.312756 -0.168534 -0.0355497 -0.310992 -0.13255 -0.499713 -0.26834 -0.149829 -0.823687 -0.324494 -0.286882 -0.871691 -0.503651 -0.49058 -0.692841 -0.686981 -0.624062 -0.459257 -0.710994 -0.570434 -0.316796 -0.510368 -0.321425 -0.274723 -0.18306 0.0160747 -0.221364 0.0818027 0.295471 -0.0437209 0.157183 0.425371 0.257059 0.084953 0.412893 0.554576 0.0430581 0.332124 0.698231 0.194231 0.255156 0.637563 0.537984 0.206277 0.462184 0.889759 0.170123 0.323346 3.01057 0.131933 0.287567 0.590193 0.0954437 0.248885 0.157398 0.0571341 0.130454 -0.0375575 -0.159337 -0.0171111 0.0365104 -0.156377 -0.182235 -0.0716574 -0.121417 -0.312232 -0.0985485 -0.101054 -0.344731 -0.0858207 -0.112366 -0.25819 -0.108139 -0.130224 -0.102449 -0.203511 -0.11085 0.0223871 -0.335425 -0.0354095 0.0317527 -0.416773 0.0620521 -0.0794289 -0.375199 0.109952 -0.225973 -0.207706 0.0527259 -0.288638 0.0166441 -0.0957514 -0.19901 0.204544 -0.243493 0.0100911 0.297135 -0.271885 0.227756 0.296063 -0.117448 0.344831 0.243972 0.173168 0.329648 0.183574 0.45826 0.242031 0.131933 2.58215 0.176592 0.0866881 0.27352 0.164389 0.0484412 0.02019 0.11423 0.0236048 -0.0171111 -0.122826 0.278974 -0.182235 -0.228035 0.210686 -0.312232 -0.219966 -0.0263121 -0.344731 -0.186875 -0.325693 -0.25819 -0.220505 -0.536499 -0.102449 -0.333735 -0.572161 0.0223871 -0.446275 -0.463095 0.0317527 -0.452182 -0.316073 -0.0794289 -0.313147 -0.220139 -0.225973 -0.0977539 -0.179391 -0.288638 0.06937 -0.125707 -0.19901 0.108793 0.00534525 0.0100911 0.0536415 0.2049 0.227756 0.024178 0.388881 0.344831 0.126525 0.464951 0.329648 0.356742 0.409518 0.242031 0.590193 0.287567 0.176592 2.66884 0.197716 0.164389 0.321962 0.171882 0.11423 0.0437949 0.116262 0.0365104 0.278974 -0.122826 -0.0716574 0.210686 -0.228035 -0.0985485 -0.0263121 -0.219966 -0.0858207 -0.325693 -0.186875 -0.108139 -0.536499 -0.220505 -0.203511 -0.572161 -0.333735 -0.335425 -0.463095 -0.446275 -0.416773 -0.316073 -0.452182 -0.375199 -0.220139 -0.313147 -0.207706 -0.179391 -0.0977539 0.0166441 -0.125707 0.06937 0.204544 0.00534525 0.108793 0.297135 0.2049 0.0536415 0.296063 0.388881 0.024178 0.243972 0.464951 0.126525 0.183574 0.409518 0.356742 0.131933 0.287567 0.590193 0.0866881 0.197716 2.66884 0.0484412 0.171882 0.321962 0.0236048 0.116262 0.0437949 -0.0811673 0.075856 0.156077 -0.12602 -0.0141213 0.0519193 -0.114049 -0.113616 -0.0399168 -0.0742464 -0.19374 -0.0750034 -0.0440852 -0.215974 -0.0639048 -0.0429398 -0.161248 -0.0563048 -0.0587513 -0.0543495 -0.0940774 -0.0596487 0.0413969 -0.172646 -0.0235976 0.0625848 -0.241535 0.0368245 -0.00783576 -0.242575 0.0767651 -0.122364 -0.154674 0.0513971 -0.197092 -0.0104748 -0.0436926 -0.169162 0.126049 -0.156284 -0.042061 0.201602 -0.20337 0.11588 0.202977 -0.12631 0.219763 0.155127 0.0619547 0.227311 0.0954437 0.27352 0.164389 0.0484412 2.3933 0.0982836 0.0195446 0.151853 0.0632712 0.00580832 0.075856 0.0749096 0.0755764 -0.0141213 -0.074101 0.162462 -0.113616 -0.153966 0.167884 -0.19374 -0.14925 0.0493511 -0.215974 -0.10799 -0.144849 -0.161248 -0.0992446 -0.311597 -0.0543495 -0.152829 -0.36856 0.0413969 -0.232295 -0.309452 0.0625848 -0.265132 -0.197869 -0.00783576 -0.20575 -0.109482 -0.122364 -0.0779087 -0.0727383 -0.197092 0.0409223 -0.0558851 -0.169162 0.0823565 -0.0067666 -0.042061 0.0453175 0.0925794 0.11588 -0.000393012 0.204977 0.219763 0.0288166 0.268236 0.227311 0.157398 0.248885 0.164389 0.321962 0.171882 0.0982836 2.41284 0.100096 0.0632712 0.157662 0.0635262 0.156077 0.0755764 0.0749096 0.0519193 0.162462 -0.074101 -0.0399168 0.167884 -0.153966 -0.0750034 0.0493511 -0.14925 -0.0639048 -0.144849 -0.10799 -0.0563048 -0.311597 -0.0992446 -0.0940774 -0.36856 -0.152829 -0.172646 -0.309452 -0.232295 -0.241535 -0.197869 -0.265132 -0.242575 -0.109482 -0.20575 -0.154674 -0.0727383 -0.0779087 -0.0104748 -0.0558851 0.0409223 0.126049 -0.0067666 0.0823565 0.201602 0.0925794 0.0453175 0.202977 0.204977 -0.000393012 0.155127 0.268236 0.0288166 0.0954437 0.248885 0.157398 0.0484412 0.171882 0.321962 0.0195446 0.100096 2.41284 0.00580832 0.0635262 0.157662 -0.00286188 0.0675886 0.125174 -0.0516998 0.0390911 0.0904451 -0.0665737 0.00111905 0.0208872 -0.0494892 -0.0473238 -0.0329894 -0.0199485 -0.0916074 -0.0413135 -0.00218742 -0.106185 -0.0159268 -0.00786286 -0.0748311 0.00315312 -0.0269886 -0.00985395 -0.0166952 -0.035661 0.048821 -0.072479 -0.0165598 0.0587754 -0.126984 0.0232702 0.00751229 -0.137639 0.0531001 -0.0737217 -0.089209 0.0403524 -0.128406 -0.00489032 -0.0210689 -0.114235 0.0712985 -0.0983826 -0.034493 0.105374 -0.136409 0.0633123 0.0933426 -0.0946915 0.121619 0.0571341 0.02019 0.11423 0.0236048 0.151853 0.0632712 0.00580832 2.22602 0.0188268 0.000635059 0.0675886 0.122312 -0.0298869 0.0390911 0.0387453 0.0343759 0.00111905 -0.0456864 0.112374 -0.0473238 -0.0824786 0.131907 -0.0916074 -0.061262 0.062727 -0.106185 -0.0181142 -0.0599344 -0.0748311 -0.00470975 -0.162798 -0.00985395 -0.0436838 -0.18994 0.048821 -0.10814 -0.141809 0.0587754 -0.143543 -0.0683457 0.00751229 -0.114369 -0.0246599 -0.0737217 -0.0361089 -0.027264 -0.128406 0.035462 -0.0462251 -0.114235 0.0502296 -0.0370889 -0.034493 0.00699172 0.0168237 0.0633123 -0.0430667 0.0884829 0.121619 -0.0375575 0.130454 0.11423 0.0437949 0.116262 0.0632712 0.157662 0.0635262 0.0188268 2.22665 0.0188383 0.125174 -0.0298869 0.122312 0.0904451 0.0343759 0.0387453 0.0208872 0.112374 -0.0456864 -0.0329894 0.131907 -0.0824786 -0.0413135 0.062727 -0.061262 -0.0159268 -0.0599344 -0.0181142 0.00315312 -0.162798 -0.00470975 -0.0166952 -0.18994 -0.0436838 -0.072479 -0.141809 -0.10814 -0.126984 -0.0683457 -0.143543 -0.137639 -0.0246599 -0.114369 -0.089209 -0.027264 -0.0361089 -0.00489032 -0.0462251 0.035462 0.0712985 -0.0370889 0.0502296 0.105374 0.0168237 0.00699172 0.0933426 0.0884829 -0.0430667 0.0571341 0.130454 -0.0375575 0.0236048 0.116262 0.0437949 0.00580832 0.0635262 0.157662 0.000635059 0.0188383 2.22665 
-2.94906 -1.88786 7.16458 -11.6809 -9.27439 11.5709 -15.9954 -11.5317 9.62153 -14.8392 -9.48607 2.80495 -8.90058 -5.72956 -4.6325 -0.658613 -2.47429 -8.87489 6.51354 -0.285243 -8.80324 9.9292 1.50692 -5.91437 8.92089 3.45444 -2.47802 5.01362 5.13767 0.26109 0.807661 5.57311 2.45572 -1.63255 4.35338 4.69028 -1.77726 2.30148 6.88653 -0.463077 0.935949 8.16818 1.07508 1.21268 7.69858 2.08626 2.70902 5.57043 2.48385 4.00739 2.85998 2.4387 3.92918 0.819625 1.9937 2.50845 -0.0110893 1.1409 0.870165 0.00893031 
